Disease model:
beta0 =   -2.7770
Locus  chr   #SNPs  DLpos  DV  DVFreq   GRR     GRR2    beta1    beta2
    1   19    5789   2885   1  0.0500   1.500   2.250   0.5752  1.3058
    2   11   14520   9067   1  0.3417   1.500   2.250   0.5237  1.1378
    3   23    9120   7607   0  0.5000   1.500   1.500   0.5306  0.5306
    4   20    7802   3357   0  0.4333   1.100   2.000   0.1210  0.9853
    5   18   10441   9659   1  0.1417   1.100   1.210   0.1279  0.2604
    6    2   25215  10714   1  0.7583   1.100   1.100   0.1254  0.1254
    7    6   20269   4322   1  0.0667   1.000   1.100   -0.0000  0.1292
Interaction terms gamma_ij:
Pair  DL1  DL2  gamma11  gamma12  gamma21  gamma22
  1     1    6  0.000    0.693    1.609    1.609
  2     2    4  0.693    0.693    1.099    1.099
