GENERALIZED_LOGICAL_NETWORK_VER2
133
1
"p@chr10:104154066..104154118,-"
4
0
i
1
9 
0 
4 
0 0 3 1 
0.787179 0.139744 0.0435897 0.0294872 
0.333333 0.25 0.166667 0.25 
0.26087 0.0869565 0.130435 0.521739 
0 0.5 0 0.5 
*
2
"p@chr10:104155305..104155351,-"
4
0
i
1
9 
0 
4 
0 0 3 0 
0.75641 0.158974 0.0474359 0.0371795 
0.357143 0.214286 0.119048 0.309524 
0.217391 0.0869565 0.130435 0.565217 
0.5 0 0 0.5 
*
3
"p@chr10:17272522..17272560,-"
4
0
i
1
91 
0 
4 
0 0 0 0 
0.492918 0.161473 0.172805 0.172805 
0.795122 0.185366 0.0146341 0.00487805 
0.823529 0.165775 0.0106952 0 
0.868056 0.131944 0 0 
*
4
"p@chr10:3827738..3827754,+"
2
0
i
1
91 
0 
4 
0 0 0 0 
0.665722 0.334278 
0.960976 0.0390244 
0.957219 0.0427807 
0.944444 0.0555556 
*
5
"p@chr10:74057220..74057248,+"
4
0
i
1
81 
0 
4 
0 0 0 3 
0.668966 0.298851 0.0321839 0 
0.64726 0.287671 0.0650685 0 
0.455285 0.341463 0.121951 0.0813008 
0.179487 0.230769 0.128205 0.461538 
*
6
"p@chr10:74057811..74057840,-"
4
1
i
1
81 
0 
4 
0 0 0 3 
0.531034 0.388506 0.0758621 0.0045977 
0.452055 0.410959 0.126712 0.010274 
0.447154 0.308943 0.138211 0.105691 
0.179487 0.25641 0.0512821 0.512821 
*
7
"p@chr11:102217835..102217893,-"
2
0
i
1
37 
0 
4 
0 0 0 0 
0.607717 0.392283 
0.833333 0.166667 
0.875 0.125 
0.97 0.03 
*
8
"p1@TTF2"
2
0
i
0
*
9
"p3@TTF2"
4
0
i
0
*
10
"p@chr11:18548500..18548546,+"
2
0
i
1
37 
0 
4 
0 0 0 0 
0.678457 0.321543 
0.911111 0.0888889 
0.971154 0.0288462 
0.97 0.03 
*
11
"p@chr11:58346354..58346370,-"
4
1
i
1
37 
0 
4 
0 0 0 0 
0.392283 0.318328 0.163987 0.125402 
0.644444 0.292593 0.0444444 0.0185185 
0.740385 0.235577 0.0192308 0.00480769 
0.76 0.23 0.01 0 
*
12
"p@chr1:159893654..159893709,+"
4
0
i
1
9 
0 
4 
0 3 3 1 
0.638462 0.205128 0.1 0.0564103 
0.22619 0.238095 0.154762 0.380952 
0.130435 0.173913 0.0434783 0.652174 
0 0.5 0.5 0 
*
13
"p@chr11:64008355..64008371,-"
2
0
i
1
9 
0 
4 
0 0 1 1 
0.941026 0.0589744 
0.678571 0.321429 
0.347826 0.652174 
0 1 
*
14
"p@chr11:65188889..65188926,+"
2
0
i
1
37 
0 
4 
0 0 0 0 
0.675241 0.324759 
0.97037 0.0296296 
0.971154 0.0288462 
0.97 0.03 
*
15
"p@chr11:65189597..65189688,-"
2
0
i
1
91 
0 
4 
0 0 0 0 
0.696884 0.303116 
0.941463 0.0585366 
0.941176 0.0588235 
0.958333 0.0416667 
*
16
"p@chr12:122238579..122238612,+"
4
1
i
1
91 
0 
4 
0 0 0 0 
0.356941 0.263456 0.203966 0.175637 
0.565854 0.37561 0.0536585 0.00487805 
0.566845 0.374332 0.0588235 0 
0.618056 0.3125 0.0555556 0.0138889 
*
17
"p@chr1:22109734..22109790,+"
2
0
i
1
9 
0 
4 
0 0 1 1 
0.885897 0.114103 
0.571429 0.428571 
0.217391 0.782609 
0 1 
*
18
"p@chr1:222817465..222817510,-"
4
0
i
1
91 
0 
4 
0 0 0 0 
0.413598 0.229462 0.232295 0.124646 
0.697561 0.278049 0.0195122 0.00487805 
0.647059 0.315508 0.0374332 0 
0.729167 0.25 0.0138889 0.00694444 
*
19
"p@chr12:25539120..25539152,-"
2
0
i
1
91 
0 
4 
0 0 0 0 
0.634561 0.365439 
0.921951 0.0780488 
0.967914 0.0320856 
0.958333 0.0416667 
*
20
"p@chr1:226187309..226187325,+"
3
0
i
1
91 
0 
4 
0 0 0 0 
0.458924 0.266289 0.274788 
0.795122 0.190244 0.0146341 
0.860963 0.139037 0 
0.888889 0.111111 0 
*
21
"p@chr12:49412702..49412735,+"
4
1
i
1
9 
0 
4 
0 1 3 0 
0.60641 0.302564 0.0679487 0.0230769 
0.22619 0.404762 0.178571 0.190476 
0.173913 0.217391 0.217391 0.391304 
0.5 0 0.5 0 
*
22
"p@chr12:51632899..51632955,-"
4
1
i
1
9 
0 
4 
0 0 3 0 
0.610256 0.302564 0.0769231 0.0102564 
0.297619 0.285714 0.202381 0.214286 
0.173913 0.173913 0.26087 0.391304 
0.5 0 0.5 0 
*
23
"p@chr12:9101998..9102013,-"
2
0
i
1
37 
0 
4 
0 0 0 0 
0.745981 0.254019 
0.985185 0.0148148 
1 0 
0.99 0.01 
*
24
"p@chr13:50698573..50698596,-"
4
1
i
1
91 
0 
4 
0 0 0 0 
0.456091 0.215297 0.17847 0.150142 
0.678049 0.302439 0.0195122 0 
0.641711 0.342246 0.0160428 0 
0.659722 0.333333 0.00694444 0 
*
25
"p@chr1:36396613..36396684,-"
2
0
i
1
9 
0 
4 
0 0 1 1 
0.903846 0.0961538 
0.559524 0.440476 
0.217391 0.782609 
0 1 
*
26
"p@chr1:36689679..36689717,-"
4
0
i
1
9 
0 
4 
0 1 3 1 
0.692308 0.228205 0.0602564 0.0192308 
0.27381 0.309524 0.166667 0.25 
0.130435 0.173913 0.173913 0.521739 
0 0.5 0 0.5 
*
27
"p@chr14:102276730..102276781,+"
4
0
i
1
91 
0 
4 
0 0 0 0 
0.546742 0.17847 0.184136 0.0906516 
0.863415 0.131707 0.00487805 0 
0.871658 0.122995 0.00534759 0 
0.909722 0.0902778 0 0 
*
28
"p@chr14:69262442..69262467,-"
4
0
i
1
9 
0 
4 
0 0 3 1 
0.671795 0.255128 0.0551282 0.0179487 
0.309524 0.27381 0.202381 0.214286 
0.26087 0.0434783 0.173913 0.521739 
0 0.5 0 0.5 
*
29
"p@chr14:81685834..81685853,+"
2
0
i
1
9 
0 
4 
0 0 1 1 
0.910256 0.0897436 
0.511905 0.488095 
0.304348 0.695652 
0 1 
*
30
"p@chr15:45879471..45879525,-"
4
0
i
1
37 
0 
4 
1 0 0 0 
0.292605 0.318328 0.250804 0.138264 
0.488889 0.392593 0.0962963 0.0222222 
0.5625 0.384615 0.0528846 0 
0.59 0.37 0.04 0 
*
31
"p@chr15:63796569..63796595,-"
4
1
i
1
91 
0 
4 
0 0 0 0 
0.405099 0.260623 0.175637 0.15864 
0.678049 0.268293 0.0487805 0.00487805 
0.588235 0.406417 0.00534759 0 
0.645833 0.333333 0.0208333 0 
*
32
"p@chr15:72766145..72766163,+"
4
0
i
1
91 
0 
4 
0 0 0 0 
0.373938 0.33711 0.17847 0.110482 
0.765854 0.214634 0.0195122 0 
0.716578 0.278075 0.00534759 0 
0.652778 0.347222 0 0 
*
33
"p@chr15:85259768..85259799,+"
2
0
i
1
37 
0 
4 
0 0 0 0 
0.630225 0.369775 
0.948148 0.0518519 
0.985577 0.0144231 
0.98 0.02 
*
34
"p@chr15:93429811..93429826,+"
2
0
i
1
9 
0 
4 
0 1 1 1 
0.832051 0.167949 
0.440476 0.559524 
0.347826 0.652174 
0 1 
*
35
"p@chr15:93440362..93440368,+"
4
1
i
1
9 
0 
4 
0 2 3 1 
0.426923 0.379487 0.158974 0.0346154 
0.130952 0.297619 0.333333 0.238095 
0.0434783 0.173913 0.26087 0.521739 
0 0.5 0 0.5 
*
36
"p@chr15:93447451..93447498,-"
4
1
i
1
9 
0 
4 
0 1 2 2 
0.666667 0.264103 0.0589744 0.0102564 
0.238095 0.380952 0.333333 0.047619 
0 0.304348 0.434783 0.26087 
0 0 1 0 
*
37
"p1@ROR1"
4
3
i
0
*
38
"p5@ROR1"
4
2
i
0
*
39
"p4@ROR1"
4
3
i
0
*
40
"p@chr17:17739693..17739737,+"
2
0
i
1
91 
0 
4 
0 0 0 0 
0.628895 0.371105 
0.936585 0.0634146 
0.962567 0.0374332 
0.958333 0.0416667 
*
41
"p@chr17:44270777..44270806,-"
2
0
i
1
91 
0 
4 
0 0 0 0 
0.526912 0.473088 
0.819512 0.180488 
0.839572 0.160428 
0.756944 0.243056 
*
42
"p@chr17:7745252..7745275,+"
4
0
i
1
81 
0 
4 
0 0 0 3 
0.724138 0.248276 0.0252874 0.00229885 
0.767123 0.188356 0.0376712 0.00684932 
0.577236 0.235772 0.0894309 0.097561 
0.25641 0.128205 0.0769231 0.538462 
*
43
"p@chr18:3261789..3261859,-"
2
0
i
1
91 
0 
4 
0 0 0 0 
0.660057 0.339943 
0.965854 0.0341463 
0.957219 0.0427807 
0.958333 0.0416667 
*
44
"p@chr18:33077635..33077682,+"
2
0
i
1
91 
0 
4 
0 0 0 0 
0.645892 0.354108 
0.970732 0.0292683 
0.946524 0.0534759 
0.944444 0.0555556 
*
45
"p@chr18:9137005..9137035,+"
2
0
i
1
91 
0 
4 
0 0 0 0 
0.572238 0.427762 
0.809756 0.190244 
0.807487 0.192513 
0.763889 0.236111 
*
46
"p@chr19:12904306..12904403,-"
2
0
i
1
9 
0 
4 
0 0 1 1 
0.90641 0.0935897 
0.559524 0.440476 
0.26087 0.73913 
0 1 
*
47
"p@chr19:39897943..39897995,+"
4
2
i
1
91 
0 
4 
0 0 0 0 
0.373938 0.29745 0.13881 0.189802 
0.702439 0.219512 0.0731707 0.00487805 
0.73262 0.208556 0.0588235 0 
0.659722 0.277778 0.0625 0 
*
48
"p@chr19:41769556..41769598,-"
2
0
i
1
9 
0 
4 
0 0 1 0 
0.948718 0.0512821 
0.642857 0.357143 
0.434783 0.565217 
0.5 0.5 
*
49
"p@chr19:45505148..45505169,-"
4
0
i
1
9 
0 
4 
0 1 3 1 
0.715385 0.229487 0.0294872 0.025641 
0.214286 0.404762 0.214286 0.166667 
0.130435 0.304348 0.173913 0.391304 
0 0.5 0 0.5 
*
50
"p@chr19:48825442..48825465,+"
4
0
i
1
91 
0 
4 
0 0 0 0 
0.501416 0.192635 0.175637 0.130312 
0.673171 0.282927 0.0439024 0 
0.791444 0.197861 0.0106952 0 
0.840278 0.152778 0.00694444 0 
*
51
"p@chr19:49376263..49376332,-"
4
0
i
1
9 
0 
4 
0 3 3 1 
0.579487 0.3 0.0948718 0.025641 
0.154762 0.261905 0.285714 0.297619 
0.173913 0.0869565 0.217391 0.521739 
0 0.5 0.5 0 
*
52
"p@chr20:24973489..24973556,+"
4
0
i
1
91 
0 
4 
0 0 0 0 
0.450425 0.249292 0.220963 0.0793201 
0.712195 0.282927 0.00487805 0 
0.737968 0.251337 0.0106952 0 
0.729167 0.263889 0.00694444 0 
*
53
"p@chr20:34330534..34330580,+"
2
0
i
1
91 
0 
4 
0 0 0 0 
0.623229 0.376771 
0.946341 0.0536585 
0.967914 0.0320856 
0.972222 0.0277778 
*
54
"p@chr2:113033704..113033722,-"
2
0
i
1
9 
0 
4 
0 0 1 1 
0.894872 0.105128 
0.547619 0.452381 
0.26087 0.73913 
0 1 
*
55
"p@chr2:128145779..128145837,+"
2
0
i
1
92 
0 
4 
0 0 0 0 
0.645669 0.354331 
0.937824 0.0621762 
0.965686 0.0343137 
0.972973 0.027027 
*
56
"p@chr2:128459741..128459755,-"
4
0
i
1
91 
0 
4 
0 0 0 0 
0.487252 0.263456 0.116147 0.133144 
0.765854 0.209756 0.0243902 0 
0.834225 0.15508 0.0106952 0 
0.833333 0.159722 0.00694444 0 
*
57
"p@chr2:128459765..128459803,-"
4
1
i
1
37 
0 
4 
1 0 0 0 
0.279743 0.308682 0.18328 0.228296 
0.537037 0.348148 0.0925926 0.0222222 
0.471154 0.442308 0.0721154 0.0144231 
0.52 0.38 0.1 0 
*
58
"p@chr2:157198383..157198413,+"
4
0
i
1
91 
0 
4 
0 0 0 0 
0.461756 0.209632 0.206799 0.121813 
0.702439 0.258537 0.0341463 0.00487805 
0.748663 0.229947 0.0213904 0 
0.729167 0.208333 0.0555556 0.00694444 
*
59
"p@chr2:174829568..174829586,+"
2
0
i
1
37 
0 
4 
0 0 0 0 
0.585209 0.414791 
0.877778 0.122222 
0.903846 0.0961538 
0.86 0.14 
*
60
"p@chr2:178077129..178077179,-"
2
0
i
1
9 
0 
4 
0 1 1 1 
0.887179 0.112821 
0.488095 0.511905 
0.173913 0.826087 
0 1 
*
61
"p@chr2:192542577..192542595,-"
2
0
i
1
37 
0 
4 
0 0 0 0 
0.607717 0.392283 
0.944444 0.0555556 
0.9375 0.0625 
0.98 0.02 
*
62
"p@chr2:208394310..208394342,-"
4
0
i
1
92 
0 
4 
0 0 0 0 
0.401575 0.251969 0.199475 0.146982 
0.621762 0.295337 0.0777202 0.00518135 
0.730392 0.22549 0.0441176 0 
0.873874 0.117117 0.00900901 0 
*
63
"p@chr2:220041798..220041847,+"
2
0
i
1
37 
0 
4 
0 0 0 0 
0.636656 0.363344 
0.951852 0.0481481 
0.966346 0.0336538 
0.99 0.01 
*
64
"p@chr22:35696274..35696326,+"
4
0
i
1
81 
0 
4 
0 0 0 3 
0.710345 0.234483 0.0551724 0 
0.667808 0.256849 0.0547945 0.0205479 
0.430894 0.317073 0.130081 0.121951 
0.205128 0.230769 0.025641 0.538462 
*
65
"p@chr22:41347007..41347050,-"
2
0
i
1
91 
0 
4 
0 0 0 0 
0.705382 0.294618 
0.990244 0.0097561 
0.989305 0.0106952 
1 0 
*
66
"p@chr22:41488429..41488471,-"
4
1
i
1
37 
0 
4 
0 0 0 0 
0.450161 0.212219 0.231511 0.106109 
0.651852 0.296296 0.0333333 0.0185185 
0.740385 0.235577 0.0192308 0.00480769 
0.68 0.28 0.03 0.01 
*
67
"p@chr2:24149046..24149063,+"
4
1
i
1
37 
0 
4 
0 0 0 0 
0.376206 0.22508 0.18328 0.215434 
0.674074 0.259259 0.037037 0.0296296 
0.716346 0.259615 0.0192308 0.00480769 
0.82 0.15 0.03 0 
*
68
"p@chr2:61698499..61698527,+"
2
0
i
1
37 
0 
4 
0 0 0 0 
0.614148 0.385852 
0.866667 0.133333 
0.942308 0.0576923 
0.94 0.06 
*
69
"p@chr2:70370094..70370116,+"
2
0
i
1
9 
0 
4 
0 1 1 1 
0.889744 0.110256 
0.47619 0.52381 
0.304348 0.695652 
0 1 
*
70
"p@chr2:71295649..71295677,-"
2
0
i
1
91 
0 
4 
0 0 0 0 
0.637394 0.362606 
0.965854 0.0341463 
0.930481 0.0695187 
0.958333 0.0416667 
*
71
"p@chr2:85555169..85555184,+"
2
0
i
1
91 
0 
4 
0 0 0 0 
0.634561 0.365439 
0.956098 0.0439024 
0.962567 0.0374332 
0.972222 0.0277778 
*
72
"p@chr3:128839639..128839678,+"
2
0
i
1
37 
0 
4 
0 0 0 0 
0.540193 0.459807 
0.896296 0.103704 
0.932692 0.0673077 
0.98 0.02 
*
73
"p@chr3:156878058..156878089,+"
2
0
i
1
37 
0 
4 
0 0 0 0 
0.665595 0.334405 
0.911111 0.0888889 
0.927885 0.0721154 
0.97 0.03 
*
74
"p@chr3:156878100..156878138,+"
3
0
i
1
92 
0 
4 
0 0 0 0 
0.501312 0.301837 0.19685 
0.772021 0.217617 0.0103627 
0.877451 0.117647 0.00490196 
0.882883 0.117117 0 
*
75
"p@chr4:153457197..153457268,-"
2
0
i
1
91 
0 
4 
0 0 0 0 
0.538244 0.461756 
0.853659 0.146341 
0.909091 0.0909091 
0.944444 0.0555556 
*
76
"p@chr4:185395947..185396014,+"
2
0
i
1
37 
0 
4 
0 0 0 0 
0.581994 0.418006 
0.892593 0.107407 
0.889423 0.110577 
0.95 0.05 
*
77
"p@chr4:4250016..4250052,+"
3
0
i
1
92 
0 
4 
0 0 0 0 
0.385827 0.349081 0.265092 
0.704663 0.279793 0.015544 
0.794118 0.205882 0 
0.711712 0.261261 0.027027 
*
78
"p@chr4:77997242..77997264,+"
4
0
i
1
82 
0 
2 
1 0 
0.299578 0.373418 0.229958 0.0970464 
0.527711 0.310843 0.106024 0.0554217 
*
79
"p@chr4:83295323..83295348,+"
4
0
i
1
9 
0 
4 
0 1 3 0 
0.683333 0.20641 0.074359 0.0358974 
0.238095 0.285714 0.214286 0.261905 
0.217391 0.130435 0.130435 0.521739 
0.5 0 0.5 0 
*
80
"p@chr5:130971280..130971333,+"
4
1
i
1
37 
0 
4 
0 0 0 0 
0.347267 0.228296 0.209003 0.215434 
0.666667 0.266667 0.0259259 0.0407407 
0.692308 0.283654 0.0192308 0.00480769 
0.68 0.31 0.01 0 
*
81
"p2@SRA1"
4
2
i
0
*
82
"p1@SRA1"
2
1
i
0
*
83
"p@chr5:150460737..150460776,+"
2
0
i
1
81 
0 
4 
0 0 0 1 
0.970115 0.0298851 
0.955479 0.0445205 
0.796748 0.203252 
0.435897 0.564103 
*
84
"p@chr5:172198353..172198390,+"
3
0
i
1
91 
0 
4 
0 0 0 0 
0.470255 0.21813 0.311615 
0.814634 0.17561 0.0097561 
0.828877 0.165775 0.00534759 
0.805556 0.1875 0.00694444 
*
85
"p@chr5:180688971..180688993,-"
4
1
i
1
91 
0 
4 
1 1 1 1 
0.243626 0.266289 0.254958 0.235127 
0.4 0.42439 0.165854 0.0097561 
0.411765 0.459893 0.122995 0.00534759 
0.381944 0.444444 0.159722 0.0138889 
*
86
"p@chr5:42992369..42992401,+"
3
0
i
1
37 
0 
4 
0 0 0 0 
0.437299 0.270096 0.292605 
0.774074 0.203704 0.0222222 
0.826923 0.168269 0.00480769 
0.86 0.14 0 
*
87
"p@chr5:90676967..90677000,+"
2
0
i
1
91 
0 
4 
0 0 0 0 
0.705382 0.294618 
0.960976 0.0390244 
0.97861 0.0213904 
0.958333 0.0416667 
*
88
"p8@NR2F1"
4
2
i
0
*
89
"p12@NR2F1"
4
1
i
0
*
90
"p10@NR2F1"
4
2
i
0
*
91
"p2@NR2F1"
4
2
i
0
*
92
"p1@NR2F1"
4
3
i
0
*
93
"p4@NR2F1"
4
3
i
0
*
94
"p5@NR2F1"
4
3
i
0
*
95
"p3@NR2F1"
4
3
i
0
*
96
"p16@NR2F1"
4
2
i
0
*
97
"p13@NR2F1"
4
1
i
0
*
98
"p6@NR2F1"
4
2
i
0
*
99
"p11@NR2F1"
4
3
i
0
*
100
"p25@NR2F1"
4
1
i
0
*
101
"p7@NR2F1"
4
1
i
0
*
102
"p9@NR2F1"
4
2
i
0
*
103
"p19@NR2F1"
4
0
i
0
*
104
"p15@NR2F1"
4
1
i
0
*
105
"p20@NR2F1"
4
1
i
0
*
106
"p14@NR2F1"
4
0
i
0
*
107
"p23@NR2F1"
4
1
i
0
*
108
"p@chr5:98264581..98264689,-"
3
0
i
1
125 
0 
2 
0 1 
0.646302 0.234727 0.118971 
0.176471 0.66609 0.157439 
*
109
"p@chr5:98265404..98265448,-"
2
0
i
1
37 
0 
4 
0 0 0 0 
0.572347 0.427653 
0.9 0.1 
0.903846 0.0961538 
0.97 0.03 
*
110
"p@chr6:136611145..136611165,+"
2
0
i
1
9 
0 
4 
0 0 1 0 
0.926923 0.0730769 
0.595238 0.404762 
0.304348 0.695652 
0.5 0.5 
*
111
"p@chr6:136611167..136611220,+"
3
0
i
1
9 
0 
4 
0 0 2 1 
0.764103 0.210256 0.025641 
0.380952 0.345238 0.27381 
0.0869565 0.347826 0.565217 
0 0.5 0.5 
*
112
"p@chr6:157342586..157342600,-"
4
1
i
1
9 
0 
4 
0 1 3 2 
0.592308 0.307692 0.0782051 0.0217949 
0.25 0.309524 0.214286 0.22619 
0.130435 0.0869565 0.304348 0.478261 
0 0 0.5 0.5 
*
113
"p@chr6:30458196..30458253,+"
4
0
i
1
37 
0 
4 
1 0 0 0 
0.266881 0.292605 0.231511 0.209003 
0.548148 0.337037 0.1 0.0148148 
0.504808 0.346154 0.134615 0.0144231 
0.52 0.38 0.1 0 
*
114
"p@chr6:32159579..32159592,-"
4
0
i
1
37 
0 
4 
0 0 0 0 
0.340836 0.22508 0.167203 0.266881 
0.744444 0.181481 0.0518519 0.0222222 
0.745192 0.221154 0.0240385 0.00961538 
0.84 0.16 0 0 
*
115
"p@chr6:32163757..32163854,+"
2
0
i
1
37 
0 
4 
0 0 0 0 
0.633441 0.366559 
0.896296 0.103704 
0.932692 0.0673077 
0.93 0.07 
*
116
"p@chr7:106810160..106810199,-"
2
0
i
1
9 
0 
4 
0 0 1 0 
0.889744 0.110256 
0.535714 0.464286 
0.347826 0.652174 
0.5 0.5 
*
117
"p@chr7:130791019..130791085,+"
4
0
i
1
101 
0 
4 
0 0 0 1 
0.587332 0.168906 0.130518 0.113244 
0.718147 0.250965 0.030888 0 
0.5 0.4 0.1 0 
0.172414 0.827586 0 0 
*
118
"p@chr7:130791254..130791306,+"
4
1
i
1
81 
0 
4 
0 0 0 3 
0.547126 0.324138 0.103448 0.0252874 
0.472603 0.380137 0.0993151 0.0479452 
0.349593 0.308943 0.195122 0.146341 
0.153846 0.179487 0.153846 0.512821 
*
119
"p@chr7:44613636..44613679,+"
2
0
i
1
37 
0 
4 
0 0 0 0 
0.517685 0.482315 
0.740741 0.259259 
0.860577 0.139423 
0.86 0.14 
*
120
"p@chr8:101962922..101962946,+"
2
0
i
1
91 
0 
4 
0 0 0 0 
0.634561 0.365439 
0.960976 0.0390244 
0.957219 0.0427807 
0.909722 0.0902778 
*
121
"p@chr8:101964446..101964498,+"
2
0
i
1
91 
0 
4 
0 0 0 0 
0.637394 0.362606 
0.941463 0.0585366 
0.946524 0.0534759 
0.895833 0.104167 
*
122
"p@chr9:100684450..100684473,-"
3
0
i
1
37 
0 
4 
0 0 0 0 
0.475884 0.302251 0.221865 
0.744444 0.244444 0.0111111 
0.831731 0.153846 0.0144231 
0.9 0.1 0 
*
123
"p@chr9:115095363..115095398,+"
2
0
i
1
91 
0 
4 
0 0 0 0 
0.643059 0.356941 
0.956098 0.0439024 
0.97861 0.0213904 
0.972222 0.0277778 
*
124
"p@chr9:132175926..132175968,-"
4
0
i
1
37 
0 
4 
0 0 0 0 
0.424437 0.266881 0.173633 0.135048 
0.67037 0.288889 0.0222222 0.0185185 
0.682692 0.283654 0.0288462 0.00480769 
0.76 0.23 0.01 0 
*
125
"p1@TTF1"
2
0
i
0
*
126
"p@chr9:135905830..135905859,-"
2
0
i
1
91 
0 
4 
0 0 0 0 
0.634561 0.365439 
0.956098 0.0439024 
0.962567 0.0374332 
0.944444 0.0555556 
*
127
"p@chr9:74980321..74980345,+"
2
0
i
1
9 
0 
4 
0 0 1 0 
0.925641 0.074359 
0.630952 0.369048 
0.391304 0.608696 
0.5 0.5 
*
128
"p@chr9:91925676..91925735,-"
2
0
i
1
9 
0 
4 
0 1 1 1 
0.821795 0.178205 
0.404762 0.595238 
0.173913 0.826087 
0 1 
*
129
"p6@ROR2"
4
0
i
0
*
130
"p4@ROR2"
4
1
i
0
*
131
"p3@ROR2"
4
2
i
0
*
132
"p1@ROR2"
4
2
i
0
*
133
"p2@ROR2"
4
2
i
0
*
done
