GENERALIZED_LOGICAL_NETWORK_VER2
254
1
diseases
2
0
i
0
*
2
7571752
3
0
e
0
*
3
7572039
3
0
e
0
*
4
7572082
3
0
e
0
*
5
7572101
3
0
e
0
*
6
7572154
3
65535
e
0
*
7
7572155
3
0
e
0
*
8
7572156
3
0
e
0
*
9
7572442
3
0
e
0
*
10
7572512
3
0
e
0
*
11
7572570
3
0
e
0
*
12
7572686
3
0
e
0
*
13
7573057
3
0
e
0
*
14
7573081
3
0
e
0
*
15
7573085
3
0
e
0
*
16
7573222
3
0
e
0
*
17
7573229
3
0
e
0
*
18
7573897
3
0
e
0
*
19
7574181
3
0
e
0
*
20
7574184
3
0
e
0
*
21
7574357
3
0
e
0
*
22
7574364
3
65535
e
0
*
23
7574423
3
0
e
0
*
24
7574627
3
65535
e
0
*
25
7574721
3
0
e
0
*
26
7574775
3
1
e
0
*
27
7574779
3
1
e
0
*
28
7574864
3
0
e
0
*
29
7574936
3
1
e
0
*
30
7574944
3
0
e
0
*
31
7575123
3
0
e
0
*
32
7575182
3
0
e
0
*
33
7575545
3
65535
e
0
*
34
7575564
3
1
e
0
*
35
7575627
3
0
e
0
*
36
7575640
3
0
e
0
*
37
7575654
3
0
e
0
*
38
7575657
3
0
e
0
*
39
7575660
3
0
e
0
*
40
7575666
3
0
e
0
*
41
7575668
3
0
e
0
*
42
7575723
3
0
e
0
*
43
7575733
3
0
e
0
*
44
7575735
3
0
e
0
*
45
7575740
3
65535
e
0
*
46
7575902
3
65535
e
0
*
47
7575903
3
0
e
0
*
48
7575913
3
0
e
0
*
49
7575968
3
0
e
0
*
50
7576151
3
0
e
0
*
51
7576181
3
0
e
0
*
52
7576230
3
65535
e
0
*
53
7576264
3
65535
e
0
*
54
7576272
3
0
e
0
*
55
7576276
3
0
e
0
*
56
7576344
3
0
e
0
*
57
7576348
3
0
e
0
*
58
7576375
3
0
e
0
*
59
7576421
3
0
e
0
*
60
7576443
3
65535
e
0
*
61
7576501
3
0
e
0
*
62
7576712
3
0
e
0
*
63
7576841
3
0
e
0
*
64
7576997
3
0
e
0
*
65
7577069
3
0
e
0
*
66
7577407
3
0
e
0
*
67
7577427
3
0
e
0
*
68
7577617
3
0
e
0
*
69
7577644
3
0
e
0
*
70
7577678
3
65535
e
0
*
71
7577679
3
1
e
0
*
72
7577680
3
65535
e
0
*
73
7577709
3
0
e
0
*
74
7577843
3
65535
e
0
*
75
7578115
3
1
e
0
*
76
7578146
3
0
e
0
*
77
7578210
3
0
e
0
*
78
7578410
3
0
e
0
*
79
7578640
3
0
e
0
*
80
7578645
3
1
e
0
*
81
7578671
3
0
e
0
*
82
7578679
3
0
e
0
*
83
7578711
3
65535
e
0
*
84
7578713
3
1
e
0
*
85
7578714
3
1
e
0
*
86
7578715
3
65535
e
0
*
87
7578716
3
65535
e
0
*
88
7578715
3
0
e
0
*
89
7578837
3
1
e
0
*
90
7578887
3
65535
e
0
*
91
7579472
3
1
e
0
*
92
7579579
3
0
e
0
*
93
7579596
3
0
e
0
*
94
7579619
3
0
e
0
*
95
7579659
3
1
e
0
*
96
7579801
3
1
e
0
*
97
7579907
3
0
e
0
*
98
7580052
3
0
e
0
*
99
7580117
3
0
e
0
*
100
7580256
3
1
e
0
*
101
7580257
3
1
e
0
*
102
7580500
3
0
e
0
*
103
7580722
3
0
e
0
*
104
7580941
3
0
e
0
*
105
7581042
3
0
e
0
*
106
7581124
3
0
e
0
*
107
7581271
3
0
e
0
*
108
7581357
3
0
e
0
*
109
7581449
3
65535
e
0
*
110
7581450
3
0
e
0
*
111
7581495
3
0
e
0
*
112
7581583
3
0
e
0
*
113
7581624
3
0
e
0
*
114
7581665
3
0
e
0
*
115
7581770
3
65535
e
0
*
116
7581770
3
65535
e
0
*
117
7581773
3
65535
e
0
*
118
7581776
3
65535
e
0
*
119
7581776
3
65535
e
0
*
120
7581815
3
0
e
0
*
121
7582019
3
0
e
0
*
122
7582141
3
65535
e
0
*
123
7582240
3
65535
e
0
*
124
7582241
3
65535
e
0
*
125
7582244
3
65535
e
0
*
126
7582304
3
0
e
0
*
127
7582360
3
0
e
0
*
128
7582392
3
0
e
0
*
129
7582402
3
65535
e
0
*
130
7582410
3
0
e
0
*
131
7582423
3
0
e
0
*
132
7582424
3
0
e
0
*
133
7582428
3
0
e
0
*
134
7582432
3
0
e
0
*
135
7582448
3
0
e
0
*
136
7582455
3
0
e
0
*
137
7582459
3
0
e
0
*
138
7582477
3
0
e
0
*
139
7582478
3
0
e
0
*
140
7582481
3
0
e
0
*
141
7582621
3
65535
e
0
*
142
7582704
3
0
e
0
*
143
7582708
3
0
e
0
*
144
7582713
3
0
e
0
*
145
7582714
3
0
e
0
*
146
7582715
3
65535
e
0
*
147
7582719
3
65535
e
0
*
148
7582754
3
0
e
0
*
149
7582765
3
0
e
0
*
150
7582874
3
0
e
0
*
151
7583013
3
0
e
0
*
152
7583030
3
0
e
0
*
153
7583072
3
0
e
0
*
154
7583083
3
0
e
0
*
155
7583204
3
0
e
0
*
156
7583227
3
0
e
0
*
157
7583528
3
65535
e
0
*
158
7583697
3
0
e
0
*
159
7583814
3
65535
e
0
*
160
7583815
3
0
e
0
*
161
7583845
3
65535
e
0
*
162
7583846
3
0
e
0
*
163
7583903
3
0
e
0
*
164
7584032
3
0
e
0
*
165
7584123
3
0
e
0
*
166
7584197
3
0
e
0
*
167
7584266
3
0
e
0
*
168
7584283
3
65535
e
0
*
169
7584400
3
0
e
0
*
170
7584428
3
0
e
0
*
171
7584488
3
65535
e
0
*
172
7584489
3
65535
e
0
*
173
7584515
3
0
e
0
*
174
7584659
3
65535
e
0
*
175
7584842
3
0
e
0
*
176
7584881
3
0
e
0
*
177
7584897
3
0
e
0
*
178
7584902
3
0
e
0
*
179
7585057
3
0
e
0
*
180
7585112
3
0
e
0
*
181
7585116
3
0
e
0
*
182
7585117
3
65535
e
0
*
183
7585116
3
1
e
0
*
184
7585236
3
0
e
0
*
185
7585237
3
0
e
0
*
186
7585249
3
0
e
0
*
187
7585272
3
65535
e
0
*
188
7585324
3
0
e
0
*
189
7585362
3
0
e
0
*
190
7585362
3
65535
e
0
*
191
7585363
3
0
e
0
*
192
7585366
3
0
e
0
*
193
7585367
3
0
e
0
*
194
7585534
3
65535
e
0
*
195
7585535
3
65535
e
0
*
196
7585533
3
0
e
0
*
197
7585534
3
0
e
0
*
198
7586063
3
0
e
0
*
199
7586266
3
65535
e
0
*
200
7586269
3
0
e
0
*
201
7586278
3
0
e
0
*
202
7586370
3
65535
e
0
*
203
7586422
3
0
e
0
*
204
7586422
3
65535
e
0
*
205
7586423
3
0
e
0
*
206
7586426
3
0
e
0
*
207
7586471
3
0
e
0
*
208
7586512
3
0
e
0
*
209
7586576
3
0
e
0
*
210
7586722
3
0
e
0
*
211
7586731
3
0
e
0
*
212
7586738
3
0
e
0
*
213
7586768
3
0
e
0
*
214
7586788
3
0
e
0
*
215
7586795
3
0
e
0
*
216
7586797
3
0
e
0
*
217
7586802
3
0
e
0
*
218
7586820
3
65535
e
0
*
219
7586840
3
0
e
0
*
220
7587021
3
65535
e
0
*
221
7587036
3
65535
e
0
*
222
7587081
3
0
e
0
*
223
7587180
3
0
e
0
*
224
7587262
3
0
e
0
*
225
7587310
3
0
e
0
*
226
7587474
3
0
e
0
*
227
7587522
3
0
e
0
*
228
7587561
3
0
e
0
*
229
7587562
3
0
e
0
*
230
7587687
3
0
e
0
*
231
7587733
3
0
e
0
*
232
7587899
3
0
e
0
*
233
7587999
3
65535
e
0
*
234
7588000
3
0
e
0
*
235
7588006
3
0
e
0
*
236
7588068
3
0
e
0
*
237
7588183
3
0
e
0
*
238
7588399
3
65535
e
0
*
239
7588470
3
65535
e
0
*
240
7588560
3
65535
e
0
*
241
7588680
3
65535
e
0
*
242
7588750
3
65535
e
0
*
243
7588777
3
65535
e
0
*
244
7588781
3
65535
e
0
*
245
7588937
3
65535
e
0
*
246
7589311
3
65535
e
0
*
247
7589404
3
65535
e
0
*
248
7589621
3
65535
e
0
*
249
7589622
3
65535
e
0
*
250
7589632
3
65535
e
0
*
251
7589705
3
65535
e
0
*
252
7590124
3
65535
e
0
*
253
state
2
1
e
0
*
254
race
2
0
e
0
*
done
